1
lOv3
1
2

1 // 2 0 0 1 0
2 // 2 0 1 0 0
3 // 2 0 2 1 0

1 // 0 0 1 0 2
2 // 0 -1 0 0 -1
3 // 0 2 0 0 0

D0l1
1

1 // -1 0 -1 1 0
2 1 1 // 1 1 0 0 0
2 1 2 // 1 1 0 0 0
3 1 // 1 2 0 0 0

1 1 // 1 1 0 2 0 - execute
1 2 // 1 1 1 2 0
2 1 // 1 1 1 1 2
2 2 // 1 2 2 1 2

HuNgRYT1m3

1 // 0 0 1 1 0
2 // 0 -1 2 0 0
3 // 0 -1 1 1 0

1 2 // 1 -1 -1 2 2
2 1 // 0 0 0 0 0
2 3 // 1 0 0 0 1

F0uRS3aS0n
1
1

?? // 0 1 1 2 0

1 1 2 // 0 1 1 1 0
1 2 // 0 1 0 0 0
2 // 0 1 0 0 0

T1kT4kT0Kk

2 1 1 // -1 0 0 1 1
2 1 2 // 0 0 1 2 1
3 2 // 0 0 0 2 2


1
lOv3
1
2
 2
 3
D0l1
1
 2 1 1
 2 1
HuNgRYT1m3
 2
 2 3
F0uRS3aS0n
1
1
 PLUS
 1 2
T1kT4kT0Kk
 3 2
2
1
