0000000000001010110000000000001011000011111111111111110001
0000000000000000100000000000000000000000000000000000000110
0000000000000000100001100101011100110011111111111111110001
0000000000000000110000111000110110100011111111111111110001
0000000000000001000001010111101011010011111111111111110001
0000000000000001010001100011010000110011111111111111110001
0000000000000001100000001110100111110011111111111111110001
0000000000000001110000110100010011110011111111111111110001
0000000000000010000000101111000110110011111111111111110001
0000000000000010010000001001111110100011111111111111110001
0000000000000010100000111101110011110011111111111111110001
0000000000000010110000010111001000010011111111111111110001
0000000000000011000001000110010110010011111111111111110001
0000000000000011010000111001111001110011111111111111110001
0000000000000011100000010010100101010011111111111111110001
0000000000000011110000011110010010100011111111111111110001
0000000000000100000001010111110100000011111111111111110001
0000000000000100010000100000101100110011111111111111110001
0000000000000100100000110000100000100011111111111111110001
0000000000000100110001011000110100100011111111111111110001
0000000000000101000001000000011100110011111111111111110001
0000000000000101010000011011110111000011111111111111110001
0000000000000101100001011001000010010011111111111111110001
0000000000000101110001010111001000110011111111111111110001
0000000000000110000000110000110001010011111111111111110001
0000000000000110010000011111000000000011111111111111110001
0000000000000110100001101000000001100011111111111111110001
0000000000000110110000111100011110110011111111111111110001
0000000000000111000000011001010001110011111111111111110001
0000000000000111010000000111000011100011111111111111110001
0000000000000111100001011000101100010011111111111111110001
0000000000000111110001100001101110110011111111111111110001
0000000000001000000001000000001110100011111111111111110001
0000000000001000010000010100000110010011111111111111110001
0000000000001000100000111100111010010011111111111111110001
0000000000001000110001011101001110110011111111111111110001
0000000000001001000001011100101110100011111111111111110001
0000000000001001010000110111000001100011111111111111110001
0000000000001001100001011010010100110011111111111111110001
0000000000001001110000000000000000000011111111111111110001
0000000000001001110010010101110101010100000000000000010110
0000000000000000100100000000000000100100000000001001110011
0000000000001001110011001001001111100100000000000000010110
0000000000000000110100000000000000110100000000001001110011
0000000000001001110010100111111010110100000000000000010110
0000000000000001000100000000000001000100000000001001110011
0000000000001001110010010011101010010100000000000000010110
0000000000000001010100000000000001010100000000001001110011
0000000000001001110011111111000111110100000000000000010110
0000000000000001100100000000000001100100000000001001110011
0000000000001001110011000100101010100100000000000000010110
0000000000000001110100000000000001110100000000001001110011
0000000000001001110011011111011011010100000000000000010110
0000000000000010000100000000000010000100000000001001110011
0000000000001001110011111010011110010100000000000000010110
0000000000000010010100000000000010010100000000001001110011
0000000000001001110011001110001000000100000000000000010110
0000000000000010100100000000000010100100000000001001110011
0000000000001001110011100111100111010100000000000000010110
0000000000000010110100000000000010110100000000001001110011
0000000000001001110010110110110110110100000000000000010110
0000000000000011000100000000000011000100000000001001110011
0000000000001001110011001010010100010100000000000000010110
0000000000000011010100000000000011010100000000001001110011
0000000000001001110011100011000101100100000000000000010110
0000000000000011100100000000000011100100000000001001110011
0000000000001001110011101110101001000100000000000000010110
0000000000000011110100000000000011110100000000001001110011
0000000000001001110010101000001000010100000000000000010110
0000000000000100000100000000000100000100000000001001110011
0000000000001001110011010001000011110100000000000000010110
0000000000000100010100000000000100010100000000001001110011
0000000000001001110011000000111101100100000000000000010110
0000000000000100100100000000000100100100000000001001110011
0000000000001001110010101001001001100100000000000000010110
0000000000000100110100000000000100110100000000001001110011
0000000000001001110010110000110001010100000000000000010110
0000000000000101000100000000000101000100000000001001110011
0000000000001001110011101100010000100100000000000000010110
0000000000000101010100000000000101010100000000001001110011
0000000000001001110010101001011011110100000000000000010110
0000000000000101100100000000000101100100000000001001110011
0000000000001001110010100111100011110100000000000000010110
0000000000000101110100000000000101110100000000001001110011
0000000000001001110011000001001000000100000000000000010110
0000000000000110000100000000000110000100000000001001110011
0000000000001001110011101111011100100100000000000000010110
0000000000000110010100000000000110010100000000001001110011
0000000000001001110010011000011100100100000000000000010110
0000000000000110100100000000000110100100000000001001110011
0000000000001001110011001100111111010100000000000000010110
0000000000000110110100000000000110110100000000001001110011
0000000000001001110011101001101000100100000000000000010110
0000000000000111000100000000000111000100000000001001110011
0000000000001001110011110111011110100100000000000000010110
0000000000000111010100000000000111010100000000001001110011
0000000000001001110010101001001111010100000000000000010110
0000000000000111100100000000000111100100000000001001110011
0000000000001001110010010010001111010100000000000000010110
0000000000000111110100000000000111110100000000001001110011
0000000000001001110010110000101110000100000000000000010110
0000000000001000000100000000001000000100000000001001110011
0000000000001001110011100100100111000100000000000000010110
0000000000001000010100000000001000010100000000001001110011
0000000000001001110011001101010111110100000000000000010110
0000000000001000100100000000001000100100000000001001110011
0000000000001001110010101101101111010100000000000000010110
0000000000001000110100000000001000110100000000001001110011
0000000000001001110010101101001001100100000000000000010110
0000000000001001000100000000001001000100000000001001110011
0000000000001001110011000111011000110100000000000000010110
0000000000001001010100000000001001010100000000001001110011
0000000000001001110010101010110001110100000000000000010110
0000000000001001100100000000001001100100000000001001110011
0000000000000000000011111111111111100011111111111111110001
0000000000000000000000000000000000000000000000000000000001
0000000000000000000000000000000000000000000000000000000000
0000000000000000000000000000000000000000000000000000000000
0000000000000000000000000000000000000000000000000000000000
0000000000000000000000000000000000000000000000000000000000
