968
39 0
55 0
85 0
93 0
109 0
117 0
128 0
152 0
8 1
56 1
86 1
94 1
110 1
118 1
129 1
137 1
145 1
169 1
1 2
25 2
33 2
57 2
71 2
79 2
87 2
95 2
103 2
111 2
130 2
138 2
146 2
170 2
199 2
207 2
215 2
223 2
231 2
239 2
247 2
255 2
72 3
80 3
88 3
96 3
104 3
112 3
131 3
139 3
147 3
171 3
192 3
200 3
208 3
216 3
224 3
232 3
240 3
248 3
73 4
81 4
89 4
97 4
105 4
113 4
132 4
140 4
148 4
172 4
193 4
201 4
209 4
217 4
225 4
233 4
241 4
249 4
4 5
12 5
20 5
28 5
66 5
82 5
90 5
98 5
114 5
122 5
133 5
141 5
149 5
173 5
194 5
202 5
210 5
218 5
226 5
234 5
242 5
250 5
21 6
37 6
67 6
83 6
91 6
99 6
115 6
123 6
158 6
166 6
182 6
190 6
195 6
203 6
211 6
219 6
227 6
235 6
243 6
251 6
22 7
38 7
68 7
84 7
92 7
108 7
116 7
124 7
135 7
143 7
159 7
191 7
69 8
85 8
101 8
125 8
152 8
160 8
168 8
184 8
197 8
205 8
213 8
221 8
229 8
237 8
245 8
253 8
8 9
56 9
70 9
86 9
102 9
126 9
161 9
169 9
177 9
185 9
198 9
206 9
214 9
222 9
230 9
238 9
246 9
254 9
1 10
9 10
25 10
33 10
41 10
57 10
87 10
111 10
162 10
170 10
178 10
186 10
2 11
10 11
26 11
34 11
42 11
58 11
88 11
112 11
163 11
171 11
179 11
187 11
3 12
11 12
27 12
35 12
43 12
59 12
89 12
113 12
164 12
172 12
180 12
188 12
4 13
12 13
20 13
28 13
114 13
122 13
165 13
173 13
181 13
189 13
5 14
13 14
21 14
29 14
37 14
53 14
115 14
123 14
134 14
158 14
182 14
190 14
6 15
14 15
22 15
30 15
38 15
54 15
68 15
124 15
143 15
167 15
175 15
191 15
7 16
15 16
31 16
55 16
93 16
117 16
128 16
136 16
176 16
184 16
8 17
40 17
94 17
118 17
137 17
153 17
161 17
185 17
1 18
25 18
33 18
41 18
79 18
103 18
138 18
154 18
162 18
186 18
199 18
207 18
215 18
223 18
231 18
239 18
247 18
255 18
2 19
26 19
34 19
42 19
80 19
104 19
139 19
155 19
163 19
187 19
192 19
200 19
208 19
216 19
224 19
232 19
240 19
248 19
3 20
27 20
35 20
43 20
81 20
105 20
140 20
156 20
164 20
188 20
193 20
201 20
209 20
217 20
225 20
233 20
241 20
249 20
4 21
12 21
20 21
28 21
66 21
82 21
98 21
122 21
141 21
157 21
165 21
189 21
194 21
202 21
210 21
218 21
226 21
234 21
242 21
250 21
21 22
37 22
67 22
83 22
99 22
123 22
134 22
142 22
150 22
158 22
195 22
203 22
211 22
219 22
227 22
235 22
243 22
251 22
22 23
38 23
68 23
84 23
100 23
124 23
159 23
175 23
196 23
204 23
212 23
220 23
228 23
236 23
244 23
252 23
7 24
15 24
23 24
31 24
39 24
55 24
69 24
85 24
101 24
125 24
197 24
205 24
213 24
221 24
229 24
237 24
245 24
253 24
0 25
24 25
32 25
40 25
70 25
86 25
102 25
126 25
129 25
137 25
145 25
153 25
161 25
169 25
177 25
185 25
198 25
206 25
214 25
222 25
230 25
238 25
246 25
254 25
1 26
25 26
33 26
57 26
130 26
138 26
146 26
154 26
162 26
170 26
178 26
186 26
199 26
207 26
215 26
223 26
231 26
239 26
247 26
255 26
2 27
26 27
34 27
42 27
131 27
139 27
147 27
155 27
163 27
171 27
179 27
187 27
192 27
200 27
208 27
216 27
224 27
232 27
240 27
248 27
3 28
27 28
35 28
43 28
132 28
140 28
148 28
156 28
164 28
172 28
180 28
188 28
193 28
201 28
209 28
217 28
225 28
233 28
241 28
249 28
36 29
52 29
66 29
74 29
82 29
90 29
98 29
106 29
133 29
141 29
149 29
157 29
165 29
173 29
181 29
189 29
194 29
202 29
210 29
218 29
226 29
234 29
242 29
250 29
67 30
75 30
83 30
91 30
99 30
107 30
134 30
142 30
150 30
158 30
166 30
174 30
182 30
190 30
195 30
203 30
211 30
219 30
227 30
235 30
243 30
251 30
76 31
92 31
108 31
116 31
159 31
175 31
7 32
15 32
23 32
31 32
85 32
93 32
109 32
117 32
152 32
160 32
168 32
184 32
197 32
205 32
213 32
221 32
229 32
237 32
245 32
253 32
0 33
24 33
32 33
40 33
86 33
94 33
110 33
118 33
129 33
137 33
145 33
153 33
198 33
206 33
214 33
222 33
230 33
238 33
246 33
254 33
9 34
57 34
71 34
79 34
87 34
95 34
103 34
111 34
130 34
138 34
146 34
154 34
2 35
10 35
26 35
34 35
42 35
58 35
72 35
80 35
88 35
96 35
104 35
112 35
131 35
139 35
147 35
155 35
3 36
11 36
27 36
35 36
43 36
59 36
73 36
81 36
89 36
97 36
105 36
113 36
132 36
140 36
148 36
156 36
36 37
52 37
66 37
82 37
90 37
98 37
114 37
122 37
133 37
141 37
149 37
157 37
5 38
13 38
29 38
53 38
67 38
83 38
91 38
99 38
115 38
123 38
134 38
166 38
6 39
14 39
30 39
54 39
68 39
84 39
92 39
108 39
116 39
124 39
159 39
175 39
7 40
15 40
31 40
39 40
69 40
85 40
101 40
125 40
128 40
152 40
8 41
40 41
70 41
86 41
102 41
126 41
153 41
161 41
177 41
185 41
1 42
9 42
25 42
33 42
41 42
57 42
87 42
111 42
154 42
162 42
178 42
186 42
199 42
207 42
215 42
223 42
231 42
239 42
247 42
255 42
10 43
58 43
88 43
112 43
155 43
163 43
179 43
187 43
192 43
200 43
208 43
216 43
224 43
232 43
240 43
248 43
11 44
59 44
89 44
113 44
156 44
164 44
180 44
188 44
193 44
201 44
209 44
217 44
225 44
233 44
241 44
249 44
4 45
12 45
20 45
28 45
114 45
122 45
157 45
165 45
181 45
189 45
194 45
202 45
210 45
218 45
226 45
234 45
242 45
250 45
21 46
53 46
115 46
123 46
195 46
203 46
211 46
219 46
227 46
235 46
243 46
251 46
22 47
54 47
68 47
124 47
135 47
167 47
196 47
204 47
212 47
220 47
228 47
236 47
244 47
252 47
7 48
15 48
31 48
39 48
93 48
117 48
136 48
160 48
168 48
176 48
197 48
205 48
213 48
221 48
229 48
237 48
245 48
253 48
8 49
40 49
94 49
118 49
137 49
161 49
169 49
185 49
198 49
206 49
214 49
222 49
230 49
238 49
246 49
254 49
9 50
41 50
79 50
103 50
138 50
162 50
170 50
186 50
2 51
10 51
26 51
34 51
42 51
58 51
80 51
104 51
139 51
163 51
171 51
187 51
3 52
11 52
27 52
35 52
43 52
59 52
81 52
105 52
140 52
164 52
172 52
188 52
4 53
12 53
20 53
28 53
66 53
82 53
98 53
122 53
141 53
165 53
173 53
189 53
5 54
13 54
21 54
29 54
37 54
53 54
67 54
83 54
99 54
123 54
142 54
150 54
182 54
190 54
6 55
14 55
22 55
30 55
38 55
54 55
68 55
84 55
100 55
124 55
135 55
143 55
159 55
191 55
196 55
204 55
212 55
220 55
228 55
236 55
244 55
252 55
7 56
15 56
31 56
55 56
69 56
85 56
101 56
125 56
128 56
160 56
168 56
184 56
8 57
40 57
70 57
86 57
102 57
126 57
129 57
137 57
145 57
161 57
177 57
185 57
1 58
25 58
33 58
57 58
130 58
138 58
146 58
162 58
178 58
186 58
2 59
26 59
34 59
42 59
131 59
139 59
147 59
163 59
179 59
187 59
3 60
27 60
35 60
43 60
132 60
140 60
148 60
164 60
180 60
188 60
4 61
12 61
20 61
28 61
66 61
74 61
82 61
90 61
98 61
106 61
133 61
141 61
149 61
165 61
181 61
189 61
5 62
13 62
21 62
29 62
67 62
75 62
83 62
91 62
99 62
107 62
142 62
150 62
166 62
174 62
6 63
14 63
22 63
30 63
76 63
92 63
108 63
116 63
135 63
143 63
159 63
191 63
196 63
204 63
212 63
220 63
228 63
236 63
244 63
252 63
1
0
0
0
1
1
0
1
1
1
0
0
0
0
0
0
1
0
0
1
1
0
1
1
0
1
0
1
0
1
1
0
1
1
1
1
1
0
1
0
1
1
1
1
1
0
1
0
1
1
1
0
1
0
0
0
0
1
1
0
1
0
0
0
